2024-03-10 14:49:18.431099 [info] : ========== Server init ==========
2024-03-10 14:49:18.431120 [info] : Port:8080, OpenLinger: true
2024-03-10 14:49:18.431123 [info] : Listen Mode: LT, OpenConn Mode: ET
2024-03-10 14:49:18.431125 [info] : LogSys level: 1
2024-03-10 14:49:18.431127 [info] : srcDir: /home/kuda/cplusplus/webserver_tac/resources/
2024-03-10 14:49:18.431129 [info] : SqlConnPool num: 16, ThreadPool num: 16
2024-03-10 14:49:18.442925 [info] : Loop [0]: Start To Work
2024-03-10 14:49:18.442936 [info] : Loop [1]: Start To Work
2024-03-10 14:49:18.442989 [info] : Loop [2]: Start To Work
2024-03-10 14:49:18.443017 [info] : Loop [4]: Start To Work
2024-03-10 14:49:18.443062 [info] : Loop [7]: Start To Work
2024-03-10 14:49:18.443112 [info] : Loop [10]: Start To Work
2024-03-10 14:49:18.443054 [info] : Loop [6]: Start To Work
2024-03-10 14:49:18.443138 [info] : Loop [8]: Start To Work
2024-03-10 14:49:18.443005 [info] : Loop [3]: Start To Work
2024-03-10 14:49:18.443220 [info] : Loop [5]: Start To Work
2024-03-10 14:49:18.443241 [info] : Loop [12]: Start To Work
2024-03-10 14:49:18.443161 [info] : Loop [9]: Start To Work
2024-03-10 14:49:18.443187 [info] : Loop [14]: Start To Work
2024-03-10 14:49:18.443187 [info] : Loop [13]: Start To Work
2024-03-10 14:49:18.443150 [info] : Loop [11]: Start To Work
2024-03-10 14:49:18.443296 [info] : Loop [15]: Start To Work
2024-03-10 14:49:24.330642 [info] : Loop [0]: Connect from 127.0.0.1
2024-03-10 14:49:24.330956 [info] : One Tick Check...
2024-03-10 14:49:24.331048 [info] : Loop [0]:Client[40] quit!
2024-03-10 14:49:24.331086 [info] : One Tick Check...
2024-03-10 14:49:25.331211 [info] : Loop [1]: Connect from 127.0.0.1
2024-03-10 14:49:25.331400 [info] : Loop [2]: Connect from 127.0.0.1
2024-03-10 14:49:25.331436 [info] : One Tick Check...
2024-03-10 14:49:25.331470 [info] : Loop [3]: Connect from 127.0.0.1
2024-03-10 14:49:25.331516 [info] : Loop [4]: Connect from 127.0.0.1
2024-03-10 14:49:25.331558 [info] : One Tick Check...
2024-03-10 14:49:25.331682 [info] : One Tick Check...
2024-03-10 14:49:25.331945 [info] : One Tick Check...
2024-03-10 14:49:25.331997 [info] : Loop [1]:Client[41] quit!
2024-03-10 14:49:25.331975 [info] : Loop [5]: Connect from 127.0.0.1
2024-03-10 14:49:25.332116 [info] : One Tick Check...
2024-03-10 14:49:25.331976 [info] : One Tick Check...
2024-03-10 14:49:25.332262 [info] : Loop [6]: Connect from 127.0.0.1
2024-03-10 14:49:25.332310 [info] : One Tick Check...
2024-03-10 14:49:25.332374 [info] : Loop [7]: Connect from 127.0.0.1
2024-03-10 14:49:25.332390 [info] : Loop [3]:Client[42] quit!
2024-03-10 14:49:25.332448 [info] : One Tick Check...
2024-03-10 14:49:25.332464 [info] : One Tick Check...
2024-03-10 14:49:25.332491 [info] : Loop [8]: Connect from 127.0.0.1
2024-03-10 14:49:25.332401 [info] : One Tick Check...
2024-03-10 14:49:25.332795 [info] : One Tick Check...
2024-03-10 14:49:25.332809 [info] : Loop [9]: Connect from 127.0.0.1
2024-03-10 14:49:25.332870 [info] : One Tick Check...
2024-03-10 14:49:25.332911 [info] : One Tick Check...
2024-03-10 14:49:25.332929 [info] : Loop [10]: Connect from 127.0.0.1
2024-03-10 14:49:25.332963 [info] : Loop [5]:Client[44] quit!
2024-03-10 14:49:25.333096 [info] : One Tick Check...
2024-03-10 14:49:25.333029 [info] : Loop [11]: Connect from 127.0.0.1
2024-03-10 14:49:25.333150 [info] : One Tick Check...
2024-03-10 14:49:25.333035 [info] : One Tick Check...
2024-03-10 14:49:25.333102 [info] : One Tick Check...
2024-03-10 14:49:25.333236 [info] : Loop [4]:Client[43] quit!
2024-03-10 14:49:25.333292 [info] : Loop [12]: Connect from 127.0.0.1
2024-03-10 14:49:25.333328 [info] : One Tick Check...
2024-03-10 14:49:25.333335 [info] : Loop [13]: Connect from 127.0.0.1
2024-03-10 14:49:25.333370 [info] : One Tick Check...
2024-03-10 14:49:25.333408 [info] : One Tick Check...
2024-03-10 14:49:25.333412 [info] : Loop [14]: Connect from 127.0.0.1
2024-03-10 14:49:25.333431 [info] : Loop [7]:Client[45] quit!
2024-03-10 14:49:25.333154 [info] : One Tick Check...
2024-03-10 14:49:25.333543 [info] : Loop [2]:Client[40] quit!
2024-03-10 14:49:25.333575 [info] : One Tick Check...
2024-03-10 14:49:25.333612 [info] : One Tick Check...
2024-03-10 14:49:25.333666 [info] : One Tick Check...
2024-03-10 14:49:25.333782 [info] : Loop [15]: Connect from 127.0.0.1
2024-03-10 14:49:25.333813 [info] : Loop [6]:Client[41] quit!
2024-03-10 14:49:25.333839 [info] : Loop [0]: Connect from 127.0.0.1
2024-03-10 14:49:25.333872 [info] : One Tick Check...
2024-03-10 14:49:25.333904 [info] : Loop [1]: Connect from 127.0.0.1
2024-03-10 14:49:25.333916 [info] : One Tick Check...
2024-03-10 14:49:25.333943 [info] : Loop [2]: Connect from 127.0.0.1
2024-03-10 14:49:25.333917 [info] : One Tick Check...
2024-03-10 14:49:25.333984 [info] : Loop [3]: Connect from 127.0.0.1
2024-03-10 14:49:25.334213 [info] : One Tick Check...
2024-03-10 14:49:25.334222 [info] : Loop [4]: Connect from 127.0.0.1
2024-03-10 14:49:25.334222 [info] : One Tick Check...
2024-03-10 14:49:25.334796 [info] : Loop [5]: Connect from 127.0.0.1
2024-03-10 14:49:25.334931 [info] : One Tick Check...
2024-03-10 14:49:25.334976 [info] : Loop [9]:Client[48] quit!
2024-03-10 14:49:25.335024 [info] : Loop [6]: Connect from 127.0.0.1
2024-03-10 14:49:25.335034 [info] : One Tick Check...
2024-03-10 14:49:25.335054 [info] : One Tick Check...
2024-03-10 14:49:25.335111 [info] : Loop [0]:Client[40] quit!
2024-03-10 14:49:25.335136 [info] : Loop [10]:Client[42] quit!
2024-03-10 14:49:25.335173 [info] : Loop [7]: Connect from 127.0.0.1
2024-03-10 14:49:25.335266 [info] : Loop [8]: Connect from 127.0.0.1
2024-03-10 14:49:25.335362 [info] : Loop [9]: Connect from 127.0.0.1
2024-03-10 14:49:25.335547 [info] : One Tick Check...
2024-03-10 14:49:25.335793 [info] : Loop [10]: Connect from 127.0.0.1
2024-03-10 14:49:25.335843 [info] : One Tick Check...
2024-03-10 14:49:25.335750 [info] : One Tick Check...
2024-03-10 14:49:25.335947 [info] : Loop [11]: Connect from 127.0.0.1
2024-03-10 14:49:25.336016 [info] : Loop [12]: Connect from 127.0.0.1
2024-03-10 14:49:25.336035 [info] : One Tick Check...
2024-03-10 14:49:25.336057 [info] : Loop [15]:Client[50] quit!
2024-03-10 14:49:25.335736 [info] : One Tick Check...
2024-03-10 14:49:25.336199 [info] : One Tick Check...
2024-03-10 14:49:25.336260 [info] : Loop [12]:Client[43] quit!
2024-03-10 14:49:25.336339 [info] : One Tick Check...
2024-03-10 14:49:25.335956 [info] : One Tick Check...
2024-03-10 14:49:25.336070 [info] : Loop [13]: Connect from 127.0.0.1
2024-03-10 14:49:25.336416 [info] : One Tick Check...
2024-03-10 14:49:25.336464 [info] : Loop [1]:Client[41] quit!
2024-03-10 14:49:25.336478 [info] : One Tick Check...
2024-03-10 14:49:25.336484 [info] : Loop [14]: Connect from 127.0.0.1
2024-03-10 14:49:25.336509 [info] : Loop [15]: Connect from 127.0.0.1
2024-03-10 14:49:25.336533 [info] : Loop [2]:Client[45] quit!
2024-03-10 14:49:25.336551 [info] : Loop [8]:Client[46] quit!
2024-03-10 14:49:25.336643 [info] : One Tick Check...
2024-03-10 14:49:25.336667 [info] : Loop [3]:Client[51] quit!
2024-03-10 14:49:25.336693 [info] : Loop [5]:Client[53] quit!
2024-03-10 14:49:25.336395 [info] : One Tick Check...
2024-03-10 14:49:25.336534 [info] : Loop [0]: Connect from 127.0.0.1
2024-03-10 14:49:25.336958 [info] : One Tick Check...
2024-03-10 14:49:25.336938 [info] : One Tick Check...
2024-03-10 14:49:25.337002 [info] : One Tick Check...
2024-03-10 14:49:25.336535 [info] : Loop [7]:Client[48] quit!
2024-03-10 14:49:25.337048 [info] : One Tick Check...
2024-03-10 14:49:25.337135 [info] : One Tick Check...
2024-03-10 14:49:25.337143 [info] : Loop [1]: Connect from 127.0.0.1
2024-03-10 14:49:25.337165 [info] : One Tick Check...
2024-03-10 14:49:25.337215 [info] : One Tick Check...
2024-03-10 14:49:25.337234 [info] : One Tick Check...
2024-03-10 14:49:25.337347 [info] : One Tick Check...
2024-03-10 14:49:25.337213 [info] : One Tick Check...
2024-03-10 14:49:25.337262 [info] : One Tick Check...
2024-03-10 14:49:25.337417 [info] : Loop [10]:Client[58] quit!
2024-03-10 14:49:25.337214 [info] : Loop [6]:Client[54] quit!
2024-03-10 14:49:25.337457 [info] : One Tick Check...
2024-03-10 14:49:25.337483 [info] : Loop [8]:Client[40] quit!
2024-03-10 14:49:25.337535 [info] : One Tick Check...
2024-03-10 14:49:25.337540 [info] : One Tick Check...
2024-03-10 14:49:25.337554 [info] : One Tick Check...
2024-03-10 14:49:25.337564 [info] : Loop [2]: Connect from 127.0.0.1
2024-03-10 14:49:25.337236 [info] : Loop [13]:Client[47] quit!
2024-03-10 14:49:25.337618 [info] : Loop [3]: Connect from 127.0.0.1
2024-03-10 14:49:25.337640 [info] : Loop [4]: Connect from 127.0.0.1
2024-03-10 14:49:25.337568 [info] : Loop [11]:Client[44] quit!
2024-03-10 14:49:25.337646 [info] : One Tick Check...
2024-03-10 14:49:25.337703 [info] : Loop [15]:Client[57] quit!
2024-03-10 14:49:25.337263 [info] : Loop [9]:Client[56] quit!
2024-03-10 14:49:25.337803 [info] : One Tick Check...
2024-03-10 14:49:25.337865 [info] : One Tick Check...
2024-03-10 14:49:25.337646 [info] : Loop [5]: Connect from 127.0.0.1
2024-03-10 14:49:25.338087 [info] : Loop [6]: Connect from 127.0.0.1
2024-03-10 14:49:25.338097 [info] : One Tick Check...
2024-03-10 14:49:25.338131 [info] : Loop [7]: Connect from 127.0.0.1
2024-03-10 14:49:25.338145 [info] : One Tick Check...
2024-03-10 14:49:25.338155 [info] : One Tick Check...
2024-03-10 14:49:25.338160 [info] : Loop [8]: Connect from 127.0.0.1
2024-03-10 14:49:25.338177 [info] : Loop [2]:Client[41] quit!
2024-03-10 14:49:25.338178 [info] : Loop [9]: Connect from 127.0.0.1
2024-03-10 14:49:25.338214 [info] : Loop [11]:Client[42] quit!
2024-03-10 14:49:25.338196 [info] : Loop [12]:Client[55] quit!
2024-03-10 14:49:25.338267 [info] : One Tick Check...
2024-03-10 14:49:25.338202 [info] : Loop [10]: Connect from 127.0.0.1
2024-03-10 14:49:25.338299 [info] : One Tick Check...
2024-03-10 14:49:25.338333 [info] : One Tick Check...
2024-03-10 14:49:25.338328 [info] : Loop [0]:Client[61] quit!
2024-03-10 14:49:25.338353 [info] : Loop [1]:Client[45] quit!
2024-03-10 14:49:25.338418 [info] : One Tick Check...
2024-03-10 14:49:25.338462 [info] : One Tick Check...
2024-03-10 14:49:25.338492 [info] : One Tick Check...
2024-03-10 14:49:25.338329 [info] : Loop [11]: Connect from 127.0.0.1
2024-03-10 14:49:25.338518 [info] : Loop [6]:Client[44] quit!
2024-03-10 14:49:25.338548 [info] : Loop [12]: Connect from 127.0.0.1
2024-03-10 14:49:25.338644 [info] : Loop [9]:Client[51] quit!
2024-03-10 14:49:25.338697 [info] : One Tick Check...
2024-03-10 14:49:25.338754 [info] : One Tick Check...
2024-03-10 14:49:25.338806 [info] : Loop [7]:Client[48] quit!
2024-03-10 14:49:25.338865 [info] : One Tick Check...
2024-03-10 14:49:25.338878 [info] : One Tick Check...
2024-03-10 14:49:25.338924 [info] : Loop [5]:Client[46] quit!
2024-03-10 14:49:25.338548 [info] : Loop [3]:Client[40] quit!
2024-03-10 14:49:25.339142 [info] : One Tick Check...
2024-03-10 14:49:25.339473 [info] : One Tick Check...
2024-03-10 14:49:25.339728 [info] : One Tick Check...
2024-03-10 14:49:25.338959 [info] : One Tick Check...
2024-03-10 14:49:25.338939 [info] : Loop [14]:Client[49] quit!
2024-03-10 14:49:25.338576 [info] : Loop [13]: Connect from 127.0.0.1
2024-03-10 14:49:25.340807 [info] : Loop [14]: Connect from 127.0.0.1
2024-03-10 14:49:25.340846 [info] : Loop [15]: Connect from 127.0.0.1
2024-03-10 14:49:25.340908 [info] : One Tick Check...
2024-03-10 14:49:25.340988 [info] : One Tick Check...
2024-03-10 14:49:25.341073 [info] : One Tick Check...
2024-03-10 14:49:25.341098 [info] : One Tick Check...
2024-03-10 14:49:25.340925 [info] : Loop [0]: Connect from 127.0.0.1
2024-03-10 14:49:25.340671 [info] : One Tick Check...
2024-03-10 14:49:25.341176 [info] : Loop [8]:Client[50] quit!
2024-03-10 14:49:25.341231 [info] : Loop [10]:Client[41] quit!
2024-03-10 14:49:25.341796 [info] : One Tick Check...
2024-03-10 14:49:25.341903 [info] : One Tick Check...
2024-03-10 14:49:25.342005 [info] : One Tick Check...
2024-03-10 14:49:25.341372 [info] : Loop [13]:Client[59] quit!
2024-03-10 14:49:25.342259 [info] : Loop [14]:Client[43] quit!
2024-03-10 14:49:25.342420 [info] : One Tick Check...
2024-03-10 14:49:25.342494 [info] : Loop [11]:Client[42] quit!
2024-03-10 14:49:25.342285 [info] : One Tick Check...
2024-03-10 14:49:25.342753 [info] : One Tick Check...
2024-03-10 14:49:25.343013 [info] : One Tick Check...
2024-03-10 14:49:25.343190 [info] : One Tick Check...
2024-03-10 14:49:25.342509 [info] : Loop [1]: Connect from 127.0.0.1
2024-03-10 14:49:25.343851 [info] : Loop [14]:Client[40] quit!
2024-03-10 14:49:25.343923 [info] : One Tick Check...
2024-03-10 14:49:25.343992 [info] : Loop [15]:Client[46] quit!
2024-03-10 14:49:25.344059 [info] : One Tick Check...
2024-03-10 14:49:25.344217 [info] : One Tick Check...
2024-03-10 14:49:25.344238 [info] : One Tick Check...
2024-03-10 14:49:25.344350 [info] : One Tick Check...
2024-03-10 14:49:25.344440 [info] : One Tick Check...
2024-03-10 14:49:25.344503 [info] : Loop [13]:Client[44] quit!
2024-03-10 14:49:25.344535 [info] : Loop [1]:Client[49] quit!
2024-03-10 14:49:25.344120 [info] : One Tick Check...
2024-03-10 14:49:25.344800 [info] : Loop [0]:Client[48] quit!
2024-03-10 14:49:25.344769 [info] : One Tick Check...
2024-03-10 14:49:25.344787 [info] : Loop [2]: Connect from 127.0.0.1
2024-03-10 14:49:25.345575 [info] : Loop [3]: Connect from 127.0.0.1
2024-03-10 14:49:25.345820 [info] : Loop [4]: Connect from 127.0.0.1
2024-03-10 14:49:25.345869 [info] : Loop [12]:Client[45] quit!
2024-03-10 14:49:25.345976 [info] : One Tick Check...
2024-03-10 14:49:25.345882 [info] : Loop [5]: Connect from 127.0.0.1
2024-03-10 14:49:25.346175 [info] : One Tick Check...
2024-03-10 14:49:25.346326 [info] : One Tick Check...
2024-03-10 14:49:25.346180 [info] : Loop [6]: Connect from 127.0.0.1
2024-03-10 14:49:25.346499 [info] : Loop [2]:Client[41] quit!
2024-03-10 14:49:25.346305 [info] : One Tick Check...
2024-03-10 14:49:25.346505 [info] : Loop [7]: Connect from 127.0.0.1
2024-03-10 14:49:25.347242 [info] : One Tick Check...
2024-03-10 14:49:25.347306 [info] : Loop [8]: Connect from 127.0.0.1
2024-03-10 14:49:25.347340 [info] : Loop [3]:Client[40] quit!
2024-03-10 14:49:25.347379 [info] : Loop [9]: Connect from 127.0.0.1
2024-03-10 14:49:25.347397 [info] : One Tick Check...
2024-03-10 14:49:25.347650 [info] : Loop [10]: Connect from 127.0.0.1
2024-03-10 14:49:25.347862 [info] : Loop [11]: Connect from 127.0.0.1
2024-03-10 14:49:25.347984 [info] : Loop [12]: Connect from 127.0.0.1
2024-03-10 14:49:25.348018 [info] : One Tick Check...
2024-03-10 14:49:25.348109 [info] : Loop [6]:Client[45] quit!
2024-03-10 14:49:25.347873 [info] : One Tick Check...
2024-03-10 14:49:25.348375 [info] : One Tick Check...
2024-03-10 14:49:25.348505 [info] : One Tick Check...
2024-03-10 14:49:25.348598 [info] : Loop [13]: Connect from 127.0.0.1
2024-03-10 14:49:25.348836 [info] : Loop [5]:Client[43] quit!
2024-03-10 14:49:25.349008 [info] : Loop [14]: Connect from 127.0.0.1
2024-03-10 14:49:25.349275 [info] : One Tick Check...
2024-03-10 14:49:25.349497 [info] : Loop [15]: Connect from 127.0.0.1
2024-03-10 14:49:25.349719 [info] : Loop [0]: Connect from 127.0.0.1
2024-03-10 14:49:25.349017 [info] : One Tick Check...
2024-03-10 14:49:25.349891 [info] : Loop [7]:Client[44] quit!
2024-03-10 14:49:25.349913 [info] : One Tick Check...
2024-03-10 14:49:25.349977 [info] : One Tick Check...
2024-03-10 14:49:25.350046 [info] : Loop [10]:Client[48] quit!
2024-03-10 14:49:25.350136 [info] : One Tick Check...
2024-03-10 14:49:25.349347 [info] : One Tick Check...
2024-03-10 14:49:25.350182 [info] : One Tick Check...
2024-03-10 14:49:25.350138 [info] : Loop [11]:Client[40] quit!
2024-03-10 14:49:25.350187 [info] : One Tick Check...
2024-03-10 14:49:25.350408 [info] : One Tick Check...
2024-03-10 14:49:25.350457 [info] : Loop [8]:Client[41] quit!
2024-03-10 14:49:25.350415 [info] : Loop [1]: Connect from 127.0.0.1
2024-03-10 14:49:25.350493 [info] : One Tick Check...
2024-03-10 14:49:25.350638 [info] : Loop [9]:Client[46] quit!
2024-03-10 14:49:25.350665 [info] : Loop [0]:Client[51] quit!
2024-03-10 14:49:25.350697 [info] : Loop [2]: Connect from 127.0.0.1
2024-03-10 14:49:25.351290 [info] : One Tick Check...
2024-03-10 14:49:25.351501 [info] : One Tick Check...
2024-03-10 14:49:25.350485 [info] : One Tick Check...
2024-03-10 14:49:25.351520 [info] : Loop [13]:Client[50] quit!
2024-03-10 14:49:25.351795 [info] : Loop [3]: Connect from 127.0.0.1
2024-03-10 14:49:25.350494 [info] : Loop [12]:Client[49] quit!
2024-03-10 14:49:25.352145 [info] : One Tick Check...
2024-03-10 14:49:25.352280 [info] : One Tick Check...
2024-03-10 14:49:25.352616 [info] : Loop [14]:Client[43] quit!
2024-03-10 14:49:25.352935 [info] : One Tick Check...
2024-03-10 14:49:25.353024 [info] : One Tick Check...
2024-03-10 14:49:25.352362 [info] : One Tick Check...
2024-03-10 14:49:25.353215 [info] : One Tick Check...
2024-03-10 14:49:25.353378 [info] : Loop [15]:Client[45] quit!
2024-03-10 14:49:25.353177 [info] : One Tick Check...
2024-03-10 14:49:25.353190 [info] : Loop [1]:Client[53] quit!
2024-03-10 14:49:25.353532 [info] : One Tick Check...
2024-03-10 14:49:25.353399 [info] : Loop [4]: Connect from 127.0.0.1
2024-03-10 14:49:25.353755 [info] : One Tick Check...
2024-03-10 14:49:25.353759 [info] : Loop [5]: Connect from 127.0.0.1
2024-03-10 14:49:25.353533 [info] : One Tick Check...
2024-03-10 14:49:25.353956 [info] : One Tick Check...
2024-03-10 14:49:25.354046 [info] : Loop [6]: Connect from 127.0.0.1
2024-03-10 14:49:25.354077 [info] : Loop [2]:Client[41] quit!
2024-03-10 14:49:25.354200 [info] : Loop [7]: Connect from 127.0.0.1
2024-03-10 14:49:25.354333 [info] : Loop [8]: Connect from 127.0.0.1
2024-03-10 14:49:25.354647 [info] : One Tick Check...
2024-03-10 14:49:25.354965 [info] : Loop [9]: Connect from 127.0.0.1
2024-03-10 14:49:25.355135 [info] : One Tick Check...
2024-03-10 14:49:25.355317 [info] : Loop [5]:Client[43] quit!
2024-03-10 14:49:25.355458 [info] : One Tick Check...
2024-03-10 14:49:25.355183 [info] : One Tick Check...
2024-03-10 14:49:25.355539 [info] : Loop [7]:Client[41] quit!
2024-03-10 14:49:25.355595 [info] : Loop [10]: Connect from 127.0.0.1
2024-03-10 14:49:25.355910 [info] : One Tick Check...
2024-03-10 14:49:25.356043 [info] : Loop [3]:Client[40] quit!
2024-03-10 14:49:25.356224 [info] : One Tick Check...
2024-03-10 14:49:25.356381 [info] : One Tick Check...
2024-03-10 14:49:25.356243 [info] : Loop [11]: Connect from 127.0.0.1
2024-03-10 14:49:25.356523 [info] : One Tick Check...
2024-03-10 14:49:25.356641 [info] : One Tick Check...
2024-03-10 14:49:25.356867 [info] : Loop [8]:Client[46] quit!
2024-03-10 14:49:25.357045 [info] : Loop [12]: Connect from 127.0.0.1
2024-03-10 14:49:25.357165 [info] : Loop [6]:Client[45] quit!
2024-03-10 14:49:25.357184 [info] : Loop [13]: Connect from 127.0.0.1
2024-03-10 14:49:25.357298 [info] : Loop [14]: Connect from 127.0.0.1
2024-03-10 14:49:25.357392 [info] : One Tick Check...
2024-03-10 14:49:25.357357 [info] : One Tick Check...
2024-03-10 14:49:25.357446 [info] : One Tick Check...
2024-03-10 14:49:25.357544 [info] : One Tick Check...
2024-03-10 14:49:25.357361 [info] : Loop [15]: Connect from 127.0.0.1
2024-03-10 14:49:25.357624 [info] : Loop [9]:Client[48] quit!
2024-03-10 14:49:25.357715 [info] : Loop [0]: Connect from 127.0.0.1
2024-03-10 14:49:25.357842 [info] : Loop [1]: Connect from 127.0.0.1
2024-03-10 14:49:25.357871 [info] : Loop [10]:Client[43] quit!
2024-03-10 14:49:25.358185 [info] : One Tick Check...
2024-03-10 14:49:25.358408 [info] : Loop [15]:Client[49] quit!
2024-03-10 14:49:25.358598 [info] : One Tick Check...
2024-03-10 14:49:25.358757 [info] : One Tick Check...
2024-03-10 14:49:25.358825 [info] : One Tick Check...
2024-03-10 14:49:25.358976 [info] : One Tick Check...
2024-03-10 14:49:25.359112 [info] : Loop [11]:Client[41] quit!
2024-03-10 14:49:25.359453 [info] : Loop [2]: Connect from 127.0.0.1
2024-03-10 14:49:25.359676 [info] : Loop [3]: Connect from 127.0.0.1
2024-03-10 14:49:25.359737 [info] : Loop [4]: Connect from 127.0.0.1
2024-03-10 14:49:25.359814 [info] : Loop [5]: Connect from 127.0.0.1
2024-03-10 14:49:25.359860 [info] : One Tick Check...
2024-03-10 14:49:25.359862 [info] : Loop [6]: Connect from 127.0.0.1
2024-03-10 14:49:25.360053 [info] : One Tick Check...
2024-03-10 14:49:25.360100 [info] : Loop [7]: Connect from 127.0.0.1
2024-03-10 14:49:25.360115 [info] : One Tick Check...
2024-03-10 14:49:25.360196 [info] : Loop [8]: Connect from 127.0.0.1
2024-03-10 14:49:25.360234 [info] : One Tick Check...
2024-03-10 14:49:25.360368 [info] : Loop [9]: Connect from 127.0.0.1
2024-03-10 14:49:25.360418 [info] : Loop [10]: Connect from 127.0.0.1
2024-03-10 14:49:25.360444 [info] : One Tick Check...
2024-03-10 14:49:25.360470 [info] : One Tick Check...
2024-03-10 14:49:25.360472 [info] : Loop [11]: Connect from 127.0.0.1
2024-03-10 14:49:25.360613 [info] : Loop [13]:Client[46] quit!
2024-03-10 14:49:25.360684 [info] : Loop [2]:Client[43] quit!
2024-03-10 14:49:25.360713 [info] : One Tick Check...
2024-03-10 14:49:25.360751 [info] : One Tick Check...
2024-03-10 14:49:25.360810 [info] : One Tick Check...
2024-03-10 14:49:25.360866 [info] : Loop [1]:Client[50] quit!
2024-03-10 14:49:25.360945 [info] : Loop [14]:Client[45] quit!
2024-03-10 14:49:25.361180 [info] : Loop [12]:Client[40] quit!
2024-03-10 14:49:25.361242 [info] : Loop [12]: Connect from 127.0.0.1
2024-03-10 14:49:25.361257 [info] : Loop [7]:Client[54] quit!
2024-03-10 14:49:25.361320 [info] : One Tick Check...
2024-03-10 14:49:25.361368 [info] : Loop [13]: Connect from 127.0.0.1
2024-03-10 14:49:25.361412 [info] : One Tick Check...
2024-03-10 14:49:25.361378 [info] : One Tick Check...
2024-03-10 14:49:25.361389 [info] : Loop [14]: Connect from 127.0.0.1
2024-03-10 14:49:25.362538 [info] : Loop [5]:Client[51] quit!
2024-03-10 14:49:25.362605 [info] : Loop [3]:Client[41] quit!
2024-03-10 14:49:25.362712 [info] : One Tick Check...
2024-03-10 14:49:25.363053 [info] : One Tick Check...
2024-03-10 14:49:25.363082 [info] : One Tick Check...
2024-03-10 14:49:25.363499 [info] : Loop [0]:Client[48] quit!
2024-03-10 14:49:25.363780 [info] : One Tick Check...
2024-03-10 14:49:25.363957 [info] : Loop [10]:Client[58] quit!
2024-03-10 14:49:25.364021 [info] : One Tick Check...
2024-03-10 14:49:25.364209 [info] : Loop [15]: Connect from 127.0.0.1
2024-03-10 14:49:25.364367 [info] : One Tick Check...
2024-03-10 14:49:25.364404 [info] : Loop [0]: Connect from 127.0.0.1
2024-03-10 14:49:25.364457 [info] : Loop [1]: Connect from 127.0.0.1
2024-03-10 14:49:25.364660 [info] : Loop [2]: Connect from 127.0.0.1
2024-03-10 14:49:25.365146 [info] : Loop [3]: Connect from 127.0.0.1
2024-03-10 14:49:25.364211 [info] : One Tick Check...
2024-03-10 14:49:25.365493 [info] : One Tick Check...
2024-03-10 14:49:25.365675 [info] : Loop [11]:Client[59] quit!
2024-03-10 14:49:25.364587 [info] : One Tick Check...
2024-03-10 14:49:25.366265 [info] : One Tick Check...
2024-03-10 14:49:25.366618 [info] : One Tick Check...
2024-03-10 14:49:25.366682 [info] : Loop [4]: Connect from 127.0.0.1
2024-03-10 14:49:25.367226 [info] : One Tick Check...
2024-03-10 14:49:25.367552 [info] : One Tick Check...
2024-03-10 14:49:25.367668 [info] : Loop [9]:Client[56] quit!
2024-03-10 14:49:25.368094 [info] : Loop [5]: Connect from 127.0.0.1
2024-03-10 14:49:25.367413 [info] : One Tick Check...
2024-03-10 14:49:25.367754 [info] : One Tick Check...
2024-03-10 14:49:25.368323 [info] : One Tick Check...
2024-03-10 14:49:25.368359 [info] : Loop [15]:Client[50] quit!
2024-03-10 14:49:25.368378 [info] : Loop [6]: Connect from 127.0.0.1
2024-03-10 14:49:25.368414 [info] : Loop [7]: Connect from 127.0.0.1
2024-03-10 14:49:25.368441 [info] : Loop [6]:Client[53] quit!
2024-03-10 14:49:25.368476 [info] : Loop [8]: Connect from 127.0.0.1
2024-03-10 14:49:25.368508 [info] : Loop [9]: Connect from 127.0.0.1
2024-03-10 14:49:25.368567 [info] : Loop [10]: Connect from 127.0.0.1
2024-03-10 14:49:25.368582 [info] : One Tick Check...
2024-03-10 14:49:25.368625 [info] : Loop [11]: Connect from 127.0.0.1
2024-03-10 14:49:25.368677 [info] : One Tick Check...
2024-03-10 14:49:25.368718 [info] : Loop [12]: Connect from 127.0.0.1
2024-03-10 14:49:25.368739 [info] : Loop [13]: Connect from 127.0.0.1
2024-03-10 14:49:25.368791 [info] : Loop [14]: Connect from 127.0.0.1
2024-03-10 14:49:25.368193 [info] : One Tick Check...
2024-03-10 14:49:25.368835 [info] : Loop [13]:Client[45] quit!
2024-03-10 14:49:25.368961 [info] : Loop [3]:Client[51] quit!
2024-03-10 14:49:25.369145 [info] : One Tick Check...
2024-03-10 14:49:25.369354 [info] : One Tick Check...
2024-03-10 14:49:25.370027 [info] : One Tick Check...
2024-03-10 14:49:25.370266 [info] : Loop [0]:Client[40] quit!
2024-03-10 14:49:25.370289 [info] : One Tick Check...
2024-03-10 14:49:25.370737 [info] : One Tick Check...
2024-03-10 14:49:25.371218 [info] : One Tick Check...
2024-03-10 14:49:25.371871 [info] : One Tick Check...
2024-03-10 14:49:25.372155 [info] : One Tick Check...
2024-03-10 14:49:25.372236 [info] : One Tick Check...
2024-03-10 14:49:25.372249 [info] : One Tick Check...
2024-03-10 14:49:25.372455 [info] : Loop [1]:Client[41] quit!
2024-03-10 14:49:25.372484 [info] : Loop [10]:Client[59] quit!
2024-03-10 14:49:25.372512 [info] : One Tick Check...
2024-03-10 14:49:25.372515 [info] : Loop [14]:Client[46] quit!
2024-03-10 14:49:25.372573 [info] : Loop [11]:Client[60] quit!
2024-03-10 14:49:25.371979 [info] : One Tick Check...
2024-03-10 14:49:25.372622 [info] : Loop [13]:Client[62] quit!
2024-03-10 14:49:25.372707 [info] : Loop [7]:Client[58] quit!
2024-03-10 14:49:25.372757 [info] : Loop [5]:Client[57] quit!
2024-03-10 14:49:25.372803 [info] : One Tick Check...
2024-03-10 14:49:25.372833 [info] : One Tick Check...
2024-03-10 14:49:25.372918 [info] : One Tick Check...
2024-03-10 14:49:25.373189 [info] : One Tick Check...
2024-03-10 14:49:25.373077 [info] : One Tick Check...
2024-03-10 14:49:25.373235 [info] : One Tick Check...
2024-03-10 14:49:25.373235 [info] : One Tick Check...
2024-03-10 14:49:25.373307 [info] : Loop [2]:Client[48] quit!
2024-03-10 14:49:25.373388 [info] : Loop [14]:Client[63] quit!
2024-03-10 14:49:25.373395 [info] : One Tick Check...
2024-03-10 14:49:25.372895 [info] : One Tick Check...
2024-03-10 14:49:25.373097 [info] : One Tick Check...
2024-03-10 14:49:25.372932 [info] : One Tick Check...
2024-03-10 14:49:25.373499 [info] : Loop [6]:Client[56] quit!
2024-03-10 14:49:25.373539 [info] : One Tick Check...
2024-03-10 14:49:25.373579 [info] : One Tick Check...
2024-03-10 14:49:25.373677 [info] : Loop [12]:Client[43] quit!
2024-03-10 14:49:25.373708 [info] : One Tick Check...
2024-03-10 14:49:25.373726 [info] : Loop [9]:Client[53] quit!
2024-03-10 14:49:25.373783 [info] : Loop [8]:Client[55] quit!
2024-03-10 14:49:25.373802 [info] : One Tick Check...
2024-03-10 14:49:25.374112 [info] : Loop [12]:Client[61] quit!
2024-03-10 14:49:25.374159 [info] : One Tick Check...
2024-03-10 14:49:25.374227 [info] : One Tick Check...
2024-03-10 14:49:25.374265 [info] : One Tick Check...
2024-03-10 14:49:25.374348 [info] : Loop [8]:Client[50] quit!
2024-03-10 14:49:25.374740 [info] : One Tick Check...
2024-03-10 14:49:25.424904 [info] : Loop [15]: Connect from 127.0.0.1
2024-03-10 14:49:25.425182 [info] : Loop [0]: Connect from 127.0.0.1
2024-03-10 14:49:25.425280 [info] : Loop [1]: Connect from 127.0.0.1
2024-03-10 14:49:25.425300 [info] : Loop [2]: Connect from 127.0.0.1
2024-03-10 14:49:25.425326 [info] : Loop [3]: Connect from 127.0.0.1
2024-03-10 14:49:25.425347 [info] : Loop [4]: Connect from 127.0.0.1
2024-03-10 14:49:25.425381 [info] : Loop [5]: Connect from 127.0.0.1
2024-03-10 14:49:25.425403 [info] : Loop [6]: Connect from 127.0.0.1
2024-03-10 14:49:25.425479 [info] : Loop [7]: Connect from 127.0.0.1
2024-03-10 14:49:25.425514 [info] : Loop [8]: Connect from 127.0.0.1
2024-03-10 14:49:25.425519 [info] : One Tick Check...
2024-03-10 14:49:25.425524 [info] : One Tick Check...
2024-03-10 14:49:25.425541 [info] : Loop [9]: Connect from 127.0.0.1
2024-03-10 14:49:25.425542 [info] : Loop [1]:Client[43] quit!
2024-03-10 14:49:25.425576 [info] : Loop [10]: Connect from 127.0.0.1
2024-03-10 14:49:25.425583 [info] : Loop [15]:Client[40] quit!
2024-03-10 14:49:25.425598 [info] : Loop [11]: Connect from 127.0.0.1
2024-03-10 14:49:25.425627 [info] : Loop [12]: Connect from 127.0.0.1
2024-03-10 14:49:25.425688 [info] : Loop [13]: Connect from 127.0.0.1
2024-03-10 14:49:25.425711 [info] : Loop [14]: Connect from 127.0.0.1
2024-03-10 14:49:25.425628 [info] : One Tick Check...
2024-03-10 14:49:25.425776 [info] : Loop [5]:Client[50] quit!
2024-03-10 14:49:25.425755 [info] : One Tick Check...
2024-03-10 14:49:25.425761 [info] : Loop [15]: Connect from 127.0.0.1
2024-03-10 14:49:25.425859 [info] : One Tick Check...
2024-03-10 14:49:25.425853 [info] : One Tick Check...
2024-03-10 14:49:25.425877 [info] : Loop [0]: Connect from 127.0.0.1
2024-03-10 14:49:25.425896 [info] : Loop [6]:Client[51] quit!
2024-03-10 14:49:25.425901 [info] : Loop [2]:Client[45] quit!
2024-03-10 14:49:25.425940 [info] : One Tick Check...
2024-03-10 14:49:25.425931 [info] : One Tick Check...
2024-03-10 14:49:25.425854 [info] : One Tick Check...
2024-03-10 14:49:25.425898 [info] : Loop [1]: Connect from 127.0.0.1
2024-03-10 14:49:25.425982 [info] : Loop [2]: Connect from 127.0.0.1
2024-03-10 14:49:25.425994 [info] : One Tick Check...
2024-03-10 14:49:25.425987 [info] : One Tick Check...
2024-03-10 14:49:25.426015 [info] : Loop [3]: Connect from 127.0.0.1
2024-03-10 14:49:25.426022 [info] : Loop [4]: Connect from 127.0.0.1
2024-03-10 14:49:25.426028 [info] : Loop [10]:Client[57] quit!
2024-03-10 14:49:25.426039 [info] : One Tick Check...
2024-03-10 14:49:25.426041 [info] : Loop [8]:Client[56] quit!
2024-03-10 14:49:25.426175 [info] : One Tick Check...
2024-03-10 14:49:25.426029 [info] : Loop [5]: Connect from 127.0.0.1
2024-03-10 14:49:25.426222 [info] : Loop [12]:Client[58] quit!
2024-03-10 14:49:25.426262 [info] : One Tick Check...
2024-03-10 14:49:25.426286 [info] : Loop [15]:Client[60] quit!
2024-03-10 14:49:25.426321 [info] : Loop [6]: Connect from 127.0.0.1
2024-03-10 14:49:25.425932 [info] : One Tick Check...
2024-03-10 14:49:25.426394 [info] : One Tick Check...
2024-03-10 14:49:25.426401 [info] : Loop [7]:Client[53] quit!
2024-03-10 14:49:25.426424 [info] : One Tick Check...
2024-03-10 14:49:25.426451 [info] : Loop [13]:Client[40] quit!
2024-03-10 14:49:25.426453 [info] : One Tick Check...
2024-03-10 14:49:25.426473 [info] : One Tick Check...
2024-03-10 14:49:25.425990 [info] : One Tick Check...
2024-03-10 14:49:25.425982 [info] : Loop [11]:Client[43] quit!
2024-03-10 14:49:25.426499 [info] : Loop [1]:Client[61] quit!
2024-03-10 14:49:25.426527 [info] : One Tick Check...
2024-03-10 14:49:25.426063 [info] : One Tick Check...
2024-03-10 14:49:25.426544 [info] : One Tick Check...
2024-03-10 14:49:25.426335 [info] : One Tick Check...
2024-03-10 14:49:25.426338 [info] : Loop [7]: Connect from 127.0.0.1
2024-03-10 14:49:25.426574 [info] : One Tick Check...
2024-03-10 14:49:25.426420 [info] : Loop [9]:Client[55] quit!
2024-03-10 14:49:25.426708 [info] : One Tick Check...
2024-03-10 14:49:25.426514 [info] : One Tick Check...
2024-03-10 14:49:25.426591 [info] : Loop [8]: Connect from 127.0.0.1
2024-03-10 14:49:25.426403 [info] : Loop [0]:Client[41] quit!
2024-03-10 14:49:25.426584 [info] : One Tick Check...
2024-03-10 14:49:25.426915 [info] : One Tick Check...
2024-03-10 14:49:25.426963 [info] : One Tick Check...
2024-03-10 14:49:25.426782 [info] : One Tick Check...
2024-03-10 14:49:25.427041 [info] : One Tick Check...
2024-03-10 14:49:25.427264 [info] : One Tick Check...
2024-03-10 14:49:25.427066 [info] : Loop [9]: Connect from 127.0.0.1
2024-03-10 14:49:25.427362 [info] : Loop [7]:Client[58] quit!
2024-03-10 14:49:25.427457 [info] : One Tick Check...
2024-03-10 14:49:25.427472 [info] : One Tick Check...
2024-03-10 14:49:25.427831 [info] : Loop [8]:Client[40] quit!
2024-03-10 14:49:25.427889 [info] : Loop [14]:Client[59] quit!
2024-03-10 14:49:25.427935 [info] : One Tick Check...
2024-03-10 14:49:25.428029 [info] : Loop [10]: Connect from 127.0.0.1
2024-03-10 14:49:25.428048 [info] : One Tick Check...
2024-03-10 14:49:25.428101 [info] : Loop [2]:Client[62] quit!
2024-03-10 14:49:25.428114 [info] : One Tick Check...
2024-03-10 14:49:25.428139 [info] : Loop [0]:Client[50] quit!
2024-03-10 14:49:25.428172 [info] : Loop [11]: Connect from 127.0.0.1
2024-03-10 14:49:25.427753 [info] : Loop [6]:Client[56] quit!
2024-03-10 14:49:25.428301 [info] : Loop [12]: Connect from 127.0.0.1
2024-03-10 14:49:25.428221 [info] : One Tick Check...
2024-03-10 14:49:25.428398 [info] : One Tick Check...
2024-03-10 14:49:25.428301 [info] : Loop [3]:Client[46] quit!
2024-03-10 14:49:25.428571 [info] : One Tick Check...
2024-03-10 14:49:25.428673 [info] : Loop [13]: Connect from 127.0.0.1
2024-03-10 14:49:25.428738 [info] : Loop [14]: Connect from 127.0.0.1
2024-03-10 14:49:25.428754 [info] : Loop [15]: Connect from 127.0.0.1
2024-03-10 14:49:25.428803 [info] : Loop [0]: Connect from 127.0.0.1
2024-03-10 14:49:25.428858 [info] : Loop [1]: Connect from 127.0.0.1
2024-03-10 14:49:25.428907 [info] : Loop [2]: Connect from 127.0.0.1
2024-03-10 14:49:25.428362 [info] : One Tick Check...
2024-03-10 14:49:25.428967 [info] : Loop [3]: Connect from 127.0.0.1
2024-03-10 14:49:25.428987 [info] : Loop [4]: Connect from 127.0.0.1
2024-03-10 14:49:25.428999 [info] : Loop [5]: Connect from 127.0.0.1
2024-03-10 14:49:25.428222 [info] : Loop [5]:Client[63] quit!
2024-03-10 14:49:25.429044 [info] : One Tick Check...
2024-03-10 14:49:25.428322 [info] : One Tick Check...
2024-03-10 14:49:25.428928 [info] : One Tick Check...
2024-03-10 14:49:25.429013 [info] : Loop [6]: Connect from 127.0.0.1
2024-03-10 14:49:25.429290 [info] : One Tick Check...
2024-03-10 14:49:25.429510 [info] : Loop [11]:Client[40] quit!
2024-03-10 14:49:25.429174 [info] : Loop [9]:Client[43] quit!
2024-03-10 14:49:25.430106 [info] : One Tick Check...
2024-03-10 14:49:25.430216 [info] : One Tick Check...
2024-03-10 14:49:25.430376 [info] : One Tick Check...
2024-03-10 14:49:25.430599 [info] : Loop [3]:Client[45] quit!
2024-03-10 14:49:25.430711 [info] : Loop [7]: Connect from 127.0.0.1
2024-03-10 14:49:25.430885 [info] : One Tick Check...
2024-03-10 14:49:25.431023 [info] : One Tick Check...
2024-03-10 14:49:25.429178 [info] : Loop [10]:Client[53] quit!
2024-03-10 14:49:25.431151 [info] : One Tick Check...
2024-03-10 14:49:25.431292 [info] : Loop [8]: Connect from 127.0.0.1
2024-03-10 14:49:25.431082 [info] : One Tick Check...
2024-03-10 14:49:25.431410 [info] : One Tick Check...
2024-03-10 14:49:25.431547 [info] : One Tick Check...
2024-03-10 14:49:25.431330 [info] : Loop [13]:Client[46] quit!
2024-03-10 14:49:25.431950 [info] : Loop [1]:Client[57] quit!
2024-03-10 14:49:25.432399 [info] : One Tick Check...
2024-03-10 14:49:25.432439 [info] : One Tick Check...
2024-03-10 14:49:25.432337 [info] : Loop [15]:Client[55] quit!
2024-03-10 14:49:25.432658 [info] : Loop [0]:Client[56] quit!
2024-03-10 14:49:25.432324 [info] : One Tick Check...
2024-03-10 14:49:25.432737 [info] : One Tick Check...
2024-03-10 14:49:25.432306 [info] : Loop [9]: Connect from 127.0.0.1
2024-03-10 14:49:25.432772 [info] : Loop [14]:Client[50] quit!
2024-03-10 14:49:25.432812 [info] : One Tick Check...
2024-03-10 14:49:25.432854 [info] : Loop [10]: Connect from 127.0.0.1
2024-03-10 14:49:25.432388 [info] : One Tick Check...
2024-03-10 14:49:25.432876 [info] : One Tick Check...
2024-03-10 14:49:25.432942 [info] : One Tick Check...
2024-03-10 14:49:25.432900 [info] : Loop [2]:Client[58] quit!
2024-03-10 14:49:25.432899 [info] : One Tick Check...
2024-03-10 14:49:25.433115 [info] : Loop [12]:Client[41] quit!
2024-03-10 14:49:25.432878 [info] : Loop [11]: Connect from 127.0.0.1
2024-03-10 14:49:25.433211 [info] : Loop [12]: Connect from 127.0.0.1
2024-03-10 14:49:25.433226 [info] : Loop [13]: Connect from 127.0.0.1
2024-03-10 14:49:25.433238 [info] : Loop [14]: Connect from 127.0.0.1
2024-03-10 14:49:25.433249 [info] : Loop [15]: Connect from 127.0.0.1
2024-03-10 14:49:25.433267 [info] : Loop [0]: Connect from 127.0.0.1
2024-03-10 14:49:25.433283 [info] : Loop [1]: Connect from 127.0.0.1
2024-03-10 14:49:25.433296 [info] : Loop [2]: Connect from 127.0.0.1
2024-03-10 14:49:25.433348 [info] : One Tick Check...
2024-03-10 14:49:25.433415 [info] : Loop [3]: Connect from 127.0.0.1
2024-03-10 14:49:25.433451 [info] : Loop [4]: Connect from 127.0.0.1
2024-03-10 14:49:25.433470 [info] : Loop [5]: Connect from 127.0.0.1
2024-03-10 14:49:25.433484 [info] : Loop [6]: Connect from 127.0.0.1
2024-03-10 14:49:25.433496 [info] : Loop [7]: Connect from 127.0.0.1
2024-03-10 14:49:25.433509 [info] : Loop [8]: Connect from 127.0.0.1
2024-03-10 14:49:25.433522 [info] : Loop [9]: Connect from 127.0.0.1
2024-03-10 14:49:25.433536 [info] : Loop [10]: Connect from 127.0.0.1
2024-03-10 14:49:25.433589 [info] : One Tick Check...
2024-03-10 14:49:25.433609 [info] : One Tick Check...
2024-03-10 14:49:25.433646 [info] : Loop [11]: Connect from 127.0.0.1
2024-03-10 14:49:25.433671 [info] : Loop [12]: Connect from 127.0.0.1
2024-03-10 14:49:25.433690 [info] : Loop [13]: Connect from 127.0.0.1
2024-03-10 14:49:25.433003 [info] : Loop [3]:Client[59] quit!
2024-03-10 14:49:25.433711 [info] : Loop [14]: Connect from 127.0.0.1
2024-03-10 14:49:25.433734 [info] : One Tick Check...
2024-03-10 14:49:25.433747 [info] : Loop [15]: Connect from 127.0.0.1
2024-03-10 14:49:25.434190 [info] : One Tick Check...
2024-03-10 14:49:25.433418 [info] : One Tick Check...
2024-03-10 14:49:25.434638 [info] : Loop [8]:Client[40] quit!
2024-03-10 14:49:25.434750 [info] : One Tick Check...
2024-03-10 14:49:25.434867 [info] : One Tick Check...
2024-03-10 14:49:25.435116 [info] : One Tick Check...
2024-03-10 14:49:25.435256 [info] : Loop [0]: Connect from 127.0.0.1
2024-03-10 14:49:25.435287 [info] : Loop [7]:Client[63] quit!
2024-03-10 14:49:25.435429 [info] : Loop [10]:Client[45] quit!
2024-03-10 14:49:25.434755 [info] : One Tick Check...
2024-03-10 14:49:25.435616 [info] : One Tick Check...
2024-03-10 14:49:25.435915 [info] : One Tick Check...
2024-03-10 14:49:25.435980 [info] : Loop [10]:Client[71] quit!
2024-03-10 14:49:25.436011 [info] : Loop [15]:Client[55] quit!
2024-03-10 14:49:25.436025 [info] : One Tick Check...
2024-03-10 14:49:25.436087 [info] : Loop [2]:Client[58] quit!
2024-03-10 14:49:25.436183 [info] : Loop [11]:Client[53] quit!
2024-03-10 14:49:25.436214 [info] : One Tick Check...
2024-03-10 14:49:25.436314 [info] : Loop [1]:Client[57] quit!
2024-03-10 14:49:25.435305 [info] : Loop [1]: Connect from 127.0.0.1
2024-03-10 14:49:25.436305 [info] : One Tick Check...
2024-03-10 14:49:25.432913 [info] : Loop [6]:Client[62] quit!
2024-03-10 14:49:25.436307 [info] : One Tick Check...
2024-03-10 14:49:25.437091 [info] : One Tick Check...
2024-03-10 14:49:25.437141 [info] : One Tick Check...
2024-03-10 14:49:25.437271 [info] : One Tick Check...
2024-03-10 14:49:25.437291 [info] : One Tick Check...
2024-03-10 14:49:25.437322 [info] : Loop [7]:Client[68] quit!
2024-03-10 14:49:25.436340 [info] : One Tick Check...
2024-03-10 14:49:25.437351 [info] : Loop [15]:Client[59] quit!
2024-03-10 14:49:25.437536 [info] : One Tick Check...
2024-03-10 14:49:25.437779 [info] : One Tick Check...
2024-03-10 14:49:25.437588 [info] : Loop [2]: Connect from 127.0.0.1
2024-03-10 14:49:25.437888 [info] : One Tick Check...
2024-03-10 14:49:25.437576 [info] : One Tick Check...
2024-03-10 14:49:25.437627 [info] : One Tick Check...
2024-03-10 14:49:25.437988 [info] : Loop [3]:Client[65] quit!
2024-03-10 14:49:25.437707 [info] : Loop [5]:Client[61] quit!
2024-03-10 14:49:25.438010 [info] : One Tick Check...
2024-03-10 14:49:25.437994 [info] : Loop [3]: Connect from 127.0.0.1
